0000000000000000000000000000000000000001
0000000000000000000000001110100000000001
0000000000000000000000000000000000000001
0000000000001000000000001110100000000001
0000000000000000000000000000000000000001
0000000000010000000000001110100000000001
0000000000000000000000000000000000000001
0000000000011000000000001110100000000001
1111111111110010000000000010000000000001
0000000001011000000000001110001000000001
0000000000000001000010000010000000000001
0000000000110000000000001110001000000001
0000000000001001000010000010000000000001
0000000001000000000000001110001000000001
0000000000010001000010000010000000000001
0000000000111000000000001110001000000001
0000000000011001000010000010000000000001
0000000001001000000000001110001000000001
1111111111101001000010000010000000000001
0000000010110000000000001110001000000001
0000000001010001000010000010000000000001
0000000001011001000010000010001001001001
1111111111110001000010000010000000100110
0000000010110000000000001110001000000001
0000000001110001000010000010000000000001
1111111111110001000100110010001001001001
0000000001010001000010000010000000000001
0000000010010001000010000010000000100101
0000000010011000000000001110001000000001
0000000010000001000010000010000000000001
1111111111110001000100110010001001001001
0000000001010001000010000010000000000001
0000000010100001000010000010000000100101
0000000010101000000000001110001000000001
0000000010111001000010000010000000000001
0000000000000000000000000000000000000001
0000000011001000000000001111000000000001
0000000011001001000010000010000000000001
1111111111110001000100110010001001001001
0000000010110001000010000010000000000001
1111111111101001000010000010000000100101
0000000010110000000000001110001000000001
0000000001010001000010000010000000000001
0000000001011000000000001110001000100101
0000000001100001000010000010000000000001
0000000001110001000010000010001001000001
0000000011000000000000001110001000000001
0000000001110001000010000010000000000001
0000000011000001000101000010001000000001
0000000001111000000000001110001000000001
0000000010011000000000001100000000000001
0000000000000111111111111010000000000001
0000000001111000000000001100000000000001
0000000000110111111111110010000010000001
0000000000100000000000001110001000000001
0000000001000111111111110100000010000001
0000000000101000000000001110010000000001
1111111111110001000010000010000000000001
1111111111110111111111110010001001000001
0000000010001000000000001110001000000001
0000000010101000000000001100000000000001
0000000000000111111111111010000000000001
0000000010001000000000001100000000000001
0000000000110111111111110010000010000001
0000000000100001000010000010001000000001
0000000000100000000000001110001000000001
0000000001000111111111110100000010000001
0000000000101001000010000100010000000001
0000000000101000000000001110010000000001
0000000001100001000010000010000000000001
0000000010110001000010000010001001000001
0000000000000000000000000000000000000001
0000000001101000000000001111000000000001
0000000000000000000000000000000000000001
0000000000101010000000010010000000000001
0000000011010000000000001110001000000001
0000000000000000000000000000000000000001
0000000000100010000000100010000000000001
0000000011011000000000001110001000000001
0000000000000000000000000000000000000001
0000000011011000000000001100000000000001
0000000011011111111111110010000000000001
0000000000000000000000000000000000000001
0000000100010000000000001110001000000001
0000000100011000000000001111001000000001
0000000011110001000010000010000000000001
0000000011110010000000110010001001000001
0000000100011010000000110010001000000001
0000000011100001000010000011010000000001
0000000011100010000000110010001001000001
0000000100010010000000110010001000000001
0000000000000000000000000000000000000001
0000000011101000000000001110001000000001
0000000011111000000000001111001000000001
0000000011101001000011000010000000000001
0000000100000000000000001111001000000001
0000000011011001000010000010000000000001
0000000101100000000000001110001000000001
0000000011011001000010000010000000000001
0000000011011001000011000010000000000001
0000000100001000000000001111001000000001
0000000100001001000001000010000000000001
0000000100000001000010000010000000000001
0000000011111001000010000010000000000001
0000000011010000000000001100000000000001
0000000011010111111111110010000000000001
0000000000000000000000000000000000000001
0000000100010000000000001110001000000001
0000000100011000000000001111001000000001
0000000100110001000010000010000000000001
0000000100110010000001100010001001000001
0000000100011010000001100010001000000001
0000000100100001000010000011010000000001
0000000100100010000001100010001001000001
0000000100010010000001100010001000000001
0000000000000000000000000000000000000001
0000000100101000000000001110001000000001
0000000100111000000000001111001000000001
0000000100101001000011000010000000000001
0000000101000000000000001111001000000001
0000000011010001000010000010000000000001
0000010011010000000000001110001000000001
0000000011010001000010000010000000000001
0000000011010001000011000010000000000001
0000000101001000000000001111001000000001
0000000101001001000001000010000000000001
0000000101000001000010000010000000000001
0000000100111001000010000010000000000001
0000000101110010000011100010000000000001
0000000101101010000011110010001000000001
0000000101100010000010110010001000000001
0000000101011010000011000010001000000001
0000000101010010000011010010001000000001
0000000101111000000000001110001000000001
0000000110001010000011100010000000000001
0000000110000010000011110010001000000001
0000000101111010000010110010001000000001
0000000101110010000011000010001000000001
0000000101101010000011010010001000000001
0000000110010000000000001110001000000001
0000000110100010000011100010000000000001
0000000110011010000011110010001000000001
0000000110010010000010110010001000000001
0000000110001010000011000010001000000001
0000000110000010000011010010001000000001
0000000110101000000000001110001000000001
0000000110101000000000001100000000000001
0000000110101111111111110010000000000001
0000000000000000000000000000000000000001
0000000100010000000000001110001000000001
0000000100011000000000001111001000000001
0000000111000001000010000010000000000001
0000000111000010000010010010001001000001
0000000100011010000010010010001000000001
0000000110110001000010000011010000000001
0000000110110010000010010010001001000001
0000000100010010000010011000001000000001
0000000100010010000010010010001000000001
0000000000000000000000000000000000000001
0000000110111000000000001110001000000001
0000000111001000000000001111001000000001
0000010010110000000000001111011000000001
0000000111010001000010000010000000000001
1111111111110010000010100010001001000001
0000000111011000000000001110001000000001
0000010010110001000010000010001001001001
0000010010110001000010000010000000000001
0000000111011000000000001110001000100111
0000000000000000000000000000000000000001
0000000111011001000010000010000000000001
0000000111101010000100110010000000000001
0000000111100010000101000010001000000001
0000000101100010000100000010001000000001
0000000101011010000100010010001000000001
0000000101010010000100100010001000000001
0000000111110000000000001110001000000001
0000001000000010000100110010000000000001
0000000111111010000101000010001000000001
0000000111110010000100000010001000000001
0000000111101010000100010010001000000001
0000000111100010000100100010001000000001
0000001000001000000000001110001000000001
0000001000011010000100110010000000000001
0000001000010010000101000010001000000001
0000001000001010000100000010001000000001
0000001000000010000100010010001000000001
0000000111111010000100100010001000000001
0000001000100000000000001110001000000001
0000001000100000000000001100000000000001
0000001000100111111111110010000000000001
0000000000000000000000000000000000000001
0000000100010000000000001110001000000001
0000000100011000000000001111001000000001
0000001000111001000010000010000000000001
0000001000111010000010010010001001000001
0000000100011010000010010010001000000001
0000001000101001000010000011010000000001
0000001000101010000010010010001001000001
0000000100010010000010011000001000000001
0000000100010010000010010010001000000001
0000000000000000000000000000000000000001
0000001000110000000000001110001000000001
0000001001000000000000001111001000000001
0000010010110000000000001111011000000001
0000001001001001000010000010000000000001
1111111111110010000010100010001001000001
0000001001010000000000001110001000000001
0000010010110001000010000010001001001001
0000010010110001000010000010000000000001
0000001001010000000000001110001000100111
0000000000000000000000000000000000000001
0000001001010001000010000010000000000001
0000001001100010000110000010000000000001
0000001001011010000110010010001000000001
0000000101100010000101010010001000000001
0000000101011010000101100010001000000001
0000000101010010000101110010001000000001
0000001001101000000000001110001000000001
0000001001111010000110000010000000000001
0000001001110010000110010010001000000001
0000001001101010000101010010001000000001
0000001001100010000101100010001000000001
0000001001011010000101110010001000000001
0000001010000000000000001110001000000001
0000001010010010000110000010000000000001
0000001010001010000110010010001000000001
0000001010000010000101010010001000000001
0000001001111010000101100010001000000001
0000001001110010000101110010001000000001
0000001010011000000000001110001000000001
0000001010011000000000001100000000000001
0000001010011111111111110010000000000001
0000000000000000000000000000000000000001
0000000100010000000000001110001000000001
0000000100011000000000001111001000000001
0000001010110001000010000010000000000001
0000001010110010000010010010001001000001
0000000100011010000010010010001000000001
0000001010100001000010000011010000000001
0000001010100010000010010010001001000001
0000000100010010000010011000001000000001
0000000100010010000010010010001000000001
0000000000000000000000000000000000000001
0000001010101000000000001110001000000001
0000001010111000000000001111001000000001
0000010010110000000000001111011000000001
0000001011000001000010000010000000000001
1111111111110010000010100010001001000001
0000001011001000000000001110001000000001
0000010010110001000010000010001001001001
0000010010110001000010000010000000000001
0000001011001000000000001110001000100111
0000000000000000000000000000000000000001
0000001011001001000010000010000000000001
0000001011011010000111010010000000000001
0000001011010010000111100010001000000001
0000000101100010000110100010001000000001
0000000101011010000110110010001000000001
0000000101010010000111000010001000000001
0000001011100000000000001110001000000001
0000001011110010000111010010000000000001
0000001011101010000111100010001000000001
0000001011100010000110100010001000000001
0000001011011010000110110010001000000001
0000001011010010000111000010001000000001
0000001011111000000000001110001000000001
0000001100001010000111010010000000000001
0000001100000010000111100010001000000001
0000001011111010000110100010001000000001
0000001011110010000110110010001000000001
0000001011101010000111000010001000000001
0000001100010000000000001110001000000001
0000001100010000000000001100000000000001
0000001100010111111111110010000000000001
0000000000000000000000000000000000000001
0000000100010000000000001110001000000001
0000000100011000000000001111001000000001
0000001100101001000010000010000000000001
0000001100101010000010010010001001000001
0000000100011010000010010010001000000001
0000001100011001000010000011010000000001
0000001100011010000010010010001001000001
0000000100010010000010011000001000000001
0000000100010010000010010010001000000001
0000000000000000000000000000000000000001
0000001100100000000000001110001000000001
0000001100110000000000001111001000000001
0000010010110000000000001111011000000001
0000001100111001000010000010000000000001
1111111111110010000010100010001001000001
0000001101000000000000001110001000000001
0000010010110001000010000010001001001001
0000010010110001000010000010000000000001
0000001101000000000000001110001000100111
0000000000000000000000000000000000000001
0000001101000001000010000010000000000001
0000001101010010001000100010000000000001
0000001101001010001000110010001000000001
0000000101100010000111110010001000000001
0000000101011010001000000010001000000001
0000000101010010001000010010001000000001
0000001101011000000000001110001000000001
0000001101101010001000100010000000000001
0000001101100010001000110010001000000001
0000001101011010000111110010001000000001
0000001101010010001000000010001000000001
0000001101001010001000010010001000000001
0000001101110000000000001110001000000001
0000001110000010001000100010000000000001
0000001101111010001000110010001000000001
0000001101110010000111110010001000000001
0000001101101010001000000010001000000001
0000001101100010001000010010001000000001
0000001110001000000000001110001000000001
0000001110001000000000001100000000000001
0000001110001111111111110010000000000001
0000000000000000000000000000000000000001
0000000100010000000000001110001000000001
0000000100011000000000001111001000000001
0000001110100001000010000010000000000001
0000001110100010000010010010001001000001
0000000100011010000010010010001000000001
0000001110010001000010000011010000000001
0000001110010010000010010010001001000001
0000000100010010000010011000001000000001
0000000100010010000010010010001000000001
0000000000000000000000000000000000000001
0000001110011000000000001110001000000001
0000001110101000000000001111001000000001
0000010010110000000000001111011000000001
0000001110110001000010000010000000000001
1111111111110010000010100010001001000001
0000001110111000000000001110001000000001
0000010010110001000010000010001001001001
0000010010110001000010000010000000000001
0000001110111000000000001110001000100111
0000000000000000000000000000000000000001
0000001110111001000010000010000000000001
0000001111001010001001110010000000000001
0000001111000010001010000010001000000001
0000000101100010001001000010001000000001
0000000101011010001001010010001000000001
0000000101010010001001100010001000000001
0000001111010000000000001110001000000001
0000001111100010001001110010000000000001
0000001111011010001010000010001000000001
0000001111010010001001000010001000000001
0000001111001010001001010010001000000001
0000001111000010001001100010001000000001
0000001111101000000000001110001000000001
0000001111111010001001110010000000000001
0000001111110010001010000010001000000001
0000001111101010001001000010001000000001
0000001111100010001001010010001000000001
0000001111011010001001100010001000000001
0000010000000000000000001110001000000001
0000010000000000000000001100000000000001
0000010000000111111111110010000000000001
0000000000000000000000000000000000000001
0000000100010000000000001110001000000001
0000000100011000000000001111001000000001
0000010000011001000010000010000000000001
0000010000011010000010010010001001000001
0000000100011010000010010010001000000001
0000010000001001000010000011010000000001
0000010000001010000010010010001001000001
0000000100010010000010011000001000000001
0000000100010010000010010010001000000001
0000000000000000000000000000000000000001
0000010000010000000000001110001000000001
0000010000100000000000001111001000000001
0000010010110000000000001111011000000001
0000010000101001000010000010000000000001
1111111111110010000010100010001001000001
0000010000110000000000001110001000000001
0000010010110001000010000010001001001001
0000010010110001000010000010000000000001
0000010000110000000000001110001000100111
0000000000000000000000000000000000000001
0000010000110001000010000010000000000001
0000010001000010001011000010000000000001
0000010000111010001011010010001000000001
0000000101100010001010010010001000000001
0000000101011010001010100010001000000001
0000000101010010001010110010001000000001
0000010001001000000000001110001000000001
0000010001011010001011000010000000000001
0000010001010010001011010010001000000001
0000010001001010001010010010001000000001
0000010001000010001010100010001000000001
0000010000111010001010110010001000000001
0000010001100000000000001110001000000001
0000010001110010001011000010000000000001
0000010001101010001011010010001000000001
0000010001100010001010010010001000000001
0000010001011010001010100010001000000001
0000010001010010001010110010001000000001
0000010001111000000000001110001000000001
0000010001111000000000001100000000000001
0000010001111111111111110010000000000001
0000000000000000000000000000000000000001
0000000100010000000000001110001000000001
0000000100011000000000001111001000000001
0000010010010001000010000010000000000001
0000010010010010000010010010001001000001
0000000100011010000010010010001000000001
0000010010000001000010000011010000000001
0000010010000010000010010010001001000001
0000000100010010000010011000001000000001
0000000100010010000010010010001000000001
0000000000000000000000000000000000000001
0000010010001000000000001110001000000001
0000010010011000000000001111001000000001
0000010010110000000000001111011000000001
0000010010100001000010000010000000000001
1111111111110010000010100010001001000001
0000010010101000000000001110001000000001
0000010010110001000010000010001001001001
0000010010110001000010000010000000000001
0000010010101000000000001110001000100111
0000000000000000000000000000000000000001
0000010010101001000010000010000000000001
0000000101100001000010000010000000000001
0000010010111000000000001110001000000001
0000000000000000000000000000000000000001
0000010011100010001100110010000000000001
0000010011011010001101000010001000000001
0000010011010010001100000010001000000001
0000010011001010001100010010001000000001
0000010011000010001100100010001000000001
0000010011101000000000001110001000000001
0000010011111010001100110010000000000001
0000010011110010001101000010001000000001
0000010011101010001100000010001000000001
0000010011100010001100010010001000000001
0000010011011010001100100010001000000001
0000010100000000000000001110001000000001
0000010100010010001100110010000000000001
0000010100001010001101000010001000000001
0000010100000010001100000010001000000001
0000010011111010001100010010001000000001
0000010011110010001100100010001000000001
0000010100011000000000001110001000000001
0000010100011000000000001100000000000001
0000010100011111111111110010000000000001
0000000000000000000000000000000000000001
0000000100010000000000001110001000000001
0000000100011000000000001111001000000001
0000010100110001000010000010000000000001
0000010100110010001011100010001001000001
0000000100011010001011100010001000000001
0000010100100001000010000011010000000001
0000010100100010001011100010001001000001
0000000100010010001011101000001000000001
0000000100010010001011100010001000000001
0000000000000000000000000000000000000001
0000010100101000000000001110001000000001
0000010100111000000000001111001000000001
0000010010110000000000001111011000000001
0000010101000001000010000010000000000001
1111111111110010001011110010001001000001
0000010101001000000000001110001000000001
0000010010110001000010000010001001001001
0000010010110001000010000010000000000001
0000010101001000000000001110001000100111
0000000000000000000000000000000000000001
0000010101001001000010000010000000000001
0000010101011010001110000010000000000001
0000010101010010001110010010001000000001
0000010011010010001101010010001000000001
0000010011001010001101100010001000000001
0000010011000010001101110010001000000001
0000010101100000000000001110001000000001
0000010101110010001110000010000000000001
0000010101101010001110010010001000000001
0000010101100010001101010010001000000001
0000010101011010001101100010001000000001
0000010101010010001101110010001000000001
0000010101111000000000001110001000000001
0000010110001010001110000010000000000001
0000010110000010001110010010001000000001
0000010101111010001101010010001000000001
0000010101110010001101100010001000000001
0000010101101010001101110010001000000001
0000010110010000000000001110001000000001
0000010110010000000000001100000000000001
0000010110010111111111110010000000000001
0000000000000000000000000000000000000001
0000000100010000000000001110001000000001
0000000100011000000000001111001000000001
0000010110101001000010000010000000000001
0000010110101010001011100010001001000001
0000000100011010001011100010001000000001
0000010110011001000010000011010000000001
0000010110011010001011100010001001000001
0000000100010010001011101000001000000001
0000000100010010001011100010001000000001
0000000000000000000000000000000000000001
0000010110100000000000001110001000000001
0000010110110000000000001111001000000001
0000010010110000000000001111011000000001
0000010110111001000010000010000000000001
1111111111110010001011110010001001000001
0000010111000000000000001110001000000001
0000010010110001000010000010001001001001
0000010010110001000010000010000000000001
0000010111000000000000001110001000100111
0000000000000000000000000000000000000001
0000010111000001000010000010000000000001
0000010111010010001111010010000000000001
0000010111001010001111100010001000000001
0000010011010010001110100010001000000001
0000010011001010001110110010001000000001
0000010011000010001111000010001000000001
0000010111011000000000001110001000000001
0000010111101010001111010010000000000001
0000010111100010001111100010001000000001
0000010111011010001110100010001000000001
0000010111010010001110110010001000000001
0000010111001010001111000010001000000001
0000010111110000000000001110001000000001
0000011000000010001111010010000000000001
0000010111111010001111100010001000000001
0000010111110010001110100010001000000001
0000010111101010001110110010001000000001
0000010111100010001111000010001000000001
0000011000001000000000001110001000000001
0000011000001000000000001100000000000001
0000011000001111111111110010000000000001
0000000000000000000000000000000000000001
0000000100010000000000001110001000000001
0000000100011000000000001111001000000001
0000011000100001000010000010000000000001
0000011000100010001011100010001001000001
0000000100011010001011100010001000000001
0000011000010001000010000011010000000001
0000011000010010001011100010001001000001
0000000100010010001011101000001000000001
0000000100010010001011100010001000000001
0000000000000000000000000000000000000001
0000011000011000000000001110001000000001
0000011000101000000000001111001000000001
0000010010110000000000001111011000000001
0000011000110001000010000010000000000001
1111111111110010001011110010001001000001
0000011000111000000000001110001000000001
0000010010110001000010000010001001001001
0000010010110001000010000010000000000001
0000011000111000000000001110001000100111
0000000000000000000000000000000000000001
0000011000111001000010000010000000000001
0000011001001010010000100010000000000001
0000011001000010010000110010001000000001
0000010011010010001111110010001000000001
0000010011001010010000000010001000000001
0000010011000010010000010010001000000001
0000011001010000000000001110001000000001
0000011001100010010000100010000000000001
0000011001011010010000110010001000000001
0000011001010010001111110010001000000001
0000011001001010010000000010001000000001
0000011001000010010000010010001000000001
0000011001101000000000001110001000000001
0000011001111010010000100010000000000001
0000011001110010010000110010001000000001
0000011001101010001111110010001000000001
0000011001100010010000000010001000000001
0000011001011010010000010010001000000001
0000011010000000000000001110001000000001
0000011010000000000000001100000000000001
0000011010000111111111110010000000000001
0000000000000000000000000000000000000001
0000000100010000000000001110001000000001
0000000100011000000000001111001000000001
0000011010011001000010000010000000000001
0000011010011010001011100010001001000001
0000000100011010001011100010001000000001
0000011010001001000010000011010000000001
0000011010001010001011100010001001000001
0000000100010010001011101000001000000001
0000000100010010001011100010001000000001
0000000000000000000000000000000000000001
0000011010010000000000001110001000000001
0000011010100000000000001111001000000001
0000010010110000000000001111011000000001
0000011010101001000010000010000000000001
1111111111110010001011110010001001000001
0000011010110000000000001110001000000001
0000010010110001000010000010001001001001
0000010010110001000010000010000000000001
0000011010110000000000001110001000100111
0000000000000000000000000000000000000001
0000011010110001000010000010000000000001
0000011011000010010001110010000000000001
0000011010111010010010000010001000000001
0000010011010010010001000010001000000001
0000010011001010010001010010001000000001
0000010011000010010001100010001000000001
0000011011001000000000001110001000000001
0000011011011010010001110010000000000001
0000011011010010010010000010001000000001
0000011011001010010001000010001000000001
0000011011000010010001010010001000000001
0000011010111010010001100010001000000001
0000011011100000000000001110001000000001
0000011011110010010001110010000000000001
0000011011101010010010000010001000000001
0000011011100010010001000010001000000001
0000011011011010010001010010001000000001
0000011011010010010001100010001000000001
0000011011111000000000001110001000000001
0000011011111000000000001100000000000001
0000011011111111111111110010000000000001
0000000000000000000000000000000000000001
0000000100010000000000001110001000000001
0000000100011000000000001111001000000001
0000011100010001000010000010000000000001
0000011100010010001011100010001001000001
0000000100011010001011100010001000000001
0000011100000001000010000011010000000001
0000011100000010001011100010001001000001
0000000100010010001011101000001000000001
0000000100010010001011100010001000000001
0000000000000000000000000000000000000001
0000011100001000000000001110001000000001
0000011100011000000000001111001000000001
0000010010110000000000001111011000000001
0000011100100001000010000010000000000001
1111111111110010001011110010001001000001
0000011100101000000000001110001000000001
0000010010110001000010000010001001001001
0000010010110001000010000010000000000001
0000011100101000000000001110001000100111
0000000000000000000000000000000000000001
0000011100101001000010000010000000000001
0000011100111010010011000010000000000001
0000011100110010010011010010001000000001
0000010011010010010010010010001000000001
0000010011001010010010100010001000000001
0000010011000010010010110010001000000001
0000011101000000000000001110001000000001
0000011101010010010011000010000000000001
0000011101001010010011010010001000000001
0000011101000010010010010010001000000001
0000011100111010010010100010001000000001
0000011100110010010010110010001000000001
0000011101011000000000001110001000000001
0000011101101010010011000010000000000001
0000011101100010010011010010001000000001
0000011101011010010010010010001000000001
0000011101010010010010100010001000000001
0000011101001010010010110010001000000001
0000011101110000000000001110001000000001
0000011101110000000000001100000000000001
0000011101110111111111110010000000000001
0000000000000000000000000000000000000001
0000000100010000000000001110001000000001
0000000100011000000000001111001000000001
0000011110001001000010000010000000000001
0000011110001010001011100010001001000001
0000000100011010001011100010001000000001
0000011101111001000010000011010000000001
0000011101111010001011100010001001000001
0000000100010010001011101000001000000001
0000000100010010001011100010001000000001
0000000000000000000000000000000000000001
0000011110000000000000001110001000000001
0000011110010000000000001111001000000001
0000010010110000000000001111011000000001
0000011110011001000010000010000000000001
1111111111110010001011110010001001000001
0000011110100000000000001110001000000001
0000010010110001000010000010001001001001
0000010010110001000010000010000000000001
0000011110100000000000001110001000100111
0000000000000000000000000000000000000001
0000011110100001000010000010000000000001
0000011110110010010100010010000000000001
0000011110101010010100100010001000000001
0000010011010010010011100010001000000001
0000010011001010010011110010001000000001
0000010011000010010100000010001000000001
0000011110111000000000001110001000000001
0000011111001010010100010010000000000001
0000011111000010010100100010001000000001
0000011110111010010011100010001000000001
0000011110110010010011110010001000000001
0000011110101010010100000010001000000001
0000011111010000000000001110001000000001
0000011111100010010100010010000000000001
0000011111011010010100100010001000000001
0000011111010010010011100010001000000001
0000011111001010010011110010001000000001
0000011111000010010100000010001000000001
0000011111101000000000001110001000000001
0000011111101000000000001100000000000001
0000011111101111111111110010000000000001
0000000000000000000000000000000000000001
0000000100010000000000001110001000000001
0000000100011000000000001111001000000001
0000100000000001000010000010000000000001
0000100000000010001011100010001001000001
0000000100011010001011100010001000000001
0000011111110001000010000011010000000001
0000011111110010001011100010001001000001
0000000100010010001011101000001000000001
0000000100010010001011100010001000000001
0000000000000000000000000000000000000001
0000011111111000000000001110001000000001
0000100000001000000000001111001000000001
0000010010110000000000001111011000000001
0000100000010001000010000010000000000001
1111111111110010001011110010001001000001
0000100000011000000000001110001000000001
0000010010110001000010000010001001001001
0000010010110001000010000010000000000001
0000100000011000000000001110001000100111
0000000000000000000000000000000000000001
0000100000011001000010000010000000000001
0000010011010001000010000010000000000001
0000100000100000000000001110001000000001
0000000000000000000000000000000000000001
1111111111110010010100110010000000000001
0000100000110001000010000010001001000001
0000100001010000000000001110001000000001
0000100001000001000010000010000000000001
0000100000110001000010000011010000000001
0000100001010001000101000010001000000001
0000100000111000000000001110001000000001
0000100000111000000000001100000000000001
0000100001001000000000001111001000000001
0000010010111111111111110010000000000001
0000100000100111111111110010001000000001
0000000000000000000000000000000000000001
0000100000101000000000001110001000000001
0000000000000010010101001010000000000001
0000100001011001000010000010000000000001
0011011101101000000000001110001000000001
0000010010111001000010000010000000000001
0000100001011000000000001110001010000001
0000000000000010010101011010000000000001
0001100000000001000010000010000000000001
0011011110000000000000001110001000000001
0000100000100001000010000010000000000001
0001100000000000000000001110001010000001
0000000000000010010101101010000000000001
0010011110110001000010000010000000000001
0010011110101000000000001110001000000001
0000100000101001000010000010000000000001
0010011110110000000000001110001010000001
0011011110101010010110100010000000000001
0011011110100010010110110010001000000001
0011011110010010010110100011010000000001
0011011110001010010110110010001000000001
0011011101101010010101110010001000000001
0011011101100010010110000010001000000001
0011011101011010010110010010001000000001
0000000000000000000000000000000000000001
0011011110011000000000001110001000000001
0011011110110000000000001111001000000001
0011011111011010010110100010000000000001
0011011111010010010110110010001000000001
0011011111000010010110100011010000000001
0011011110111010010110110010001000000001
0011011110000010010101110010001000000001
0011011101111010010110000010001000000001
0011011101110010010110010010001000000001
0000000000000000000000000000000000000001
0011011111001000000000001110001000000001
0011011111100000000000001111001000000001
0011100000001010010111110010000000000001
0011100000000010011000000010001000000001
0011011111110010010111110011010000000001
0011011111101010011000000010001000000001
0011011110011010010111000010001000000001
0011011110010010010111010010001000000001
0011011110001010010111100010001000000001
0000000000000000000000000000000000000001
0011011111111000000000001110001000000001
0011100000010000000000001111001000000001
0011100000111010010111110010000000000001
0011100000110010011000000010001000000001
0011100000100010010111110011010000000001
0011100000011010011000000010001000000001
0011011111001010010111000010001000000001
0011011111000010010111010010001000000001
0011011110111010010111100010001000000001
0000000000000000000000000000000000000001
0011100000101000000000001110001000000001
0011100001000000000000001111001000000001
0011100001101010011001000010000000000001
0011100001100010011001010010001000000001
0011100001010010011001000011010000000001
0011100001001010011001010010001000000001
0011011111111010011000010010001000000001
0011011111110010011000100010001000000001
0011011111101010011000110010001000000001
0000000000000000000000000000000000000001
0011100001011000000000001110001000000001
0011100001110000000000001111001000000001
0011100010011010011001000010000000000001
0011100010010010011001010010001000000001
0011100010000010011001000011010000000001
0011100001111010011001010010001000000001
0011100000101010011000010010001000000001
0011100000100010011000100010001000000001
0011100000011010011000110010001000000001
0000000000000000000000000000000000000001
0011100010001000000000001110001000000001
0011100010100000000000001111001000000001
0011100001011010011001100010000000000001
0011100010101000000000001110001000000001
0000000000000000000000000000000000000001
0011100010001010011001110010000000000001
0011100010110000000000001110001000000001
0000000000000000000000000000000000000001
0010011110101010011010000010000000000001
0011100011001000000000001110001000000001
0011100010101001000010000010000000000001
1111111101101000000000000000001000000001
0011100010110001000010000010000000000001
1111111101110000000000000000001000000001
0011100011110010011011000010000000000001
0011100011101010011011010010001000000001
0011100011011010011011000011010000000001
0011100011010010011011010010001000000001
0011100011001010011010010010001000000001
0011100011000010011010100010001000000001
0011100010111010011010110010001000000001
0000000000000000000000000000000000000001
0011100011100000000000001110001000000001
0011100011111000000000001111001000000001
0011100100100010011100010010000000000001
0011100100011010011100100010001000000001
0011100100001010011100010011010000000001
0011100100000010011100100010001000000001
0011100011100010011011100010001000000001
0011100011011010011011110010001000000001
0011100011010010011100000010001000000001
0000000000000000000000000000000000000001
0011100100010000000000001110001000000001
0011100100101000000000001111001000000001
0011100101010010011101100010000000000001
0011100101001010011101110010001000000001
0011100100111010011101100011010000000001
0011100100110010011101110010001000000001
0011100100010010011100110010001000000001
0011100100001010011101000010001000000001
0011100100000010011101010010001000000001
0000000000000000000000000000000000000001
0011100101000000000000001110001000000001
0011100101011000000000001111001000000001
0011100101000010011110000010000000000001
0011100101100000000000001110001000000001
0000000000000000000000000000000000000001
0011100101100001000010000010000000000001
1111111101111000000000000000001000000001
0000000000000000000000000000000000000001
0000000000000000000000000000000000000001
0000000000000000000000000000000000000001
0000000000000000000000000000000000000001
0000000000000000000000000000000000000001
0000000000000000000000000000000000000001
0000000000000000000000000000000000000001
0000000000000000000000000000000000000001
0000000000000000000000000000000000000001
0000000000000000000000000000000000000001
0000000000000000000000000000000000000001
0000000000000000000000000000000000000001
0000000000000000000000000000000000000001
0000000000000000000000000000000000000001
0000000000000000000000000000000000000001
0000000000000000000000000000000000000001
0000000000000000000000000000000000000001
0000000000000000000000000000000000000001
0000000000000000000000000000000000000001
0000000000000000000000000000000000000001
0000000000000000000000000000000000000001
0000000000000000000000000000000000000001
0000000000000000000000000000000000000001
0000000000000000000000000000000000000001
0000000000000000000000000000000000000001
0000000000000000000000000000000000000001
0000000000000000000000000000000000000001
0000000000000000000000000000000000000001
0000000000000000000000000000000000000001
0000000000000000000000000000000000000001
0000000000000000000000000000000000000001
0000000000000000000000000000000000000001
0000000000000000000000000000000000000001
0000000000000000000000000000000000000001
0000000000000000000000000000000000000001
0000000000000000000000000000000000000001
0000000000000000000000000000000000000001
0000000000000000000000000000000000000001
0000000000000000000000000000000000000001
0000000000000000000000000000000000000001
0000000000000000000000000000000000000001
0000000000000000000000000000000000000001
0000000000000000000000000000000000000001
0000000000000000000000000000000000000001
0000000000000000000000000000000000000001
0000000000000000000000000000000000000001
0000000000000000000000000000000000000001
0000000000000000000000000000000000000001
0000000000000000000000000000000000000001
0000000000000000000000000000000000000001
0000000000000000000000000000000000000001
0000000000000000000000000000000000000001
0000000000000000000000000000000000000001
0000000000000000000000000000000000000001
0000000000000000000000000000000000000001
0000000000000000000000000000000000000001
0000000000000000000000000000000000000001
0000000000000000000000000000000000000001
0000000000000000000000000000000000000001
0000000000000000000000000000000000000001
0000000000000000000000000000000000000001
0000000000000000000000000000000000000001
0000000000000000000000000000000000000001
0000000000000000000000000000000000000001
0000000000000000000000000000000000000001
0000000000000000000000000000000000000001
0000000000000000000000000000000000000001
0000000000000000000000000000000000000001
0000000000000000000000000000000000000001
0000000000000000000000000000000000000001
0000000000000000000000000000000000000001
0000000000000000000000000000000000000001
0000000000000000000000000000000000000001
0000000000000000000000000000000000000001
0000000000000000000000000000000000000001
0000000000000000000000000000000000000001
0000000000000000000000000000000000000001
0000000000000000000000000000000000000001
0000000000000000000000000000000000000001
0000000000000000000000000000000000000001
0000000000000000000000000000000000000001
0000000000000000000000000000000000000001
0000000000000000000000000000000000000001
0000000000000000000000000000000000000001
0000000000000000000000000000000000000001
0000000000000000000000000000000000000001
0000000000000000000000000000000000000001
0000000000000000000000000000000000000001
0000000000000000000000000000000000000001
0000000000000000000000000000000000000001
0000000000000000000000000000000000000001
0000000000000000000000000000000000000001
0000000000000000000000000000000000000001
0000000000000000000000000000000000000001
0000000000000000000000000000000000000001
0000000000000000000000000000000000000001
0000000000000000000000000000000000000001
0000000000000000000000000000000000000001
0000000000000000000000000000000000000001
0000000000000000000000000000000000000001
0000000000000000000000000000000000000001
0000000000000000000000000000000000000001
0000000000000000000000000000000000000001
0000000000000000000000000000000000000001
0000000000000000000000000000000000000001
0000000000000000000000000000000000000001
0000000000000000000000000000000000000001
0000000000000000000000000000000000000001
0000000000000000000000000000000000000001
0000000000000000000000000000000000000001
0000000000000000000000000000000000000001
0000000000000000000000000000000000000001
0000000000000000000000000000000000000001
0000000000000000000000000000000000000001
0000000000000000000000000000000000000001
0000000000000000000000000000000000000001
0000000000000000000000000000000000000001
0000000000000000000000000000000000000001
0000000000000000000000000000000000000001
0000000000000000000000000000000000000001
0000000000000000000000000000000000000001
0000000000000000000000000000000000000001
0000000000000000000000000000000000000001
0000000000000000000000000000000000000001
0000000000000000000000000000000000000001
0000000000000000000000000000000000000001
0000000000000000000000000000000000000001
0000000000000000000000000000000000000001
0000000000000000000000000000000000000001
0000000000000000000000000000000000000001
0000000000000000000000000000000000000001
0000000000000000000000000000000000000001
0000000000000000000000000000000000000001
0000000000000000000000000000000000000001
0000000000000000000000000000000000000001
0000000000000000000000000000000000000001
0000000000000000000000000000000000000001
0000000000000000000000000000000000000001
0000000000000000000000000000000000000001
0000000000000000000000000000000000000001
0000000000000000000000000000000000000001
0000000000000000000000000000000000000001
0000000000000000000000000000000000000001
0000000000000000000000000000000000000001
0000000000000000000000000000000000000001
0000000000000000000000000000000000000001
0000000000000000000000000000000000000001
0000000000000000000000000000000000000001
0000000000000000000000000000000000000001
0000000000000000000000000000000000000001
0000000000000000000000000000000000000001
0000000000000000000000000000000000000001
0000000000000000000000000000000000000001
0000000000000000000000000000000000000001
0000000000000000000000000000000000000001
0000000000000000000000000000000000000001
0000000000000000000000000000000000000001
0000000000000000000000000000000000000001
0000000000000000000000000000000000000001
0000000000000000000000000000000000000001
0000000000000000000000000000000000000001
0000000000000000000000000000000000000001
0000000000000000000000000000000000000001
0000000000000000000000000000000000000001
0000000000000000000000000000000000000001
0000000000000000000000000000000000000001
0000000000000000000000000000000000000001
